%  Cell 1
  0.00    0.9991
  1.00    1.0045
  2.00    0.9993
  3.00    0.9964
  4.00    1.0007
  5.00    0.9987
  6.00    0.9843
  7.00    0.9845
  8.00    0.9877
  9.00    0.9811
 10.00    0.9826
 11.00    0.9874
 12.00    0.9813
 13.00    0.9882
 14.00    0.9881
 15.00    0.9967
 16.00    0.9757
 17.00    0.9816
 18.00    0.9731
 19.00    0.9734
 20.00    0.9772
 21.00    0.9732
 22.00    0.9743
 23.00    0.9776
 24.00    0.9793
 25.00    0.9651
 26.00    0.9722
 27.00    0.9752
 28.00    0.9689
 29.00    0.9812
 30.00    0.9762
 31.00    0.9702
 32.00    0.9668
 33.00    0.9666
 34.00    0.9708
 35.00    0.9722
 36.00    0.9653
 37.00    0.9678
 38.00    0.9637
 39.00    0.9607
 40.00    0.9620
 41.00    0.9557
 42.00    0.9618
 43.00    0.9645
 44.00    0.9647
 45.00    0.9825
 46.00    0.9721
 47.00    0.9696
 48.00    0.9769
 49.00    0.9700
 50.00    0.9653
 51.00    0.9645
 52.00    0.9720
 53.00    0.9681
 54.00    0.9678
 55.00    0.9709
 56.00    0.9632
 57.00    0.9679
 58.00    0.9624
 59.00    0.9693
 60.00    0.9578
 61.00    0.9688
 62.00    0.9659
 63.00    0.9652
 64.00    0.9722
 65.00    0.9707
 66.00    0.9834
 67.00    0.9702
 68.00    0.9702
 69.00    0.9724
 70.00    0.9701
 71.00    0.9737
 72.00    0.9666
 73.00    0.9589
 74.00    0.9693
 75.00    0.9676
 76.00    0.9651
 77.00    0.9586
 78.00    0.9611
 79.00    0.9592
 80.00    0.9490
 81.00    0.9594
 82.00    0.9540
 83.00    0.9552
 84.00    0.9718
 85.00    0.9541
 86.00    0.9484
 87.00    0.9607
 88.00    0.9509
 89.00    0.9611
 90.00    0.9567
 91.00    0.9577
 92.00    0.9652
 93.00    0.9547
 94.00    0.9605
 95.00    0.9561
 96.00    0.9555
 97.00    0.9538
 98.00    0.9545
 99.00    0.9485
100.00    0.9467
101.00    0.9570
102.00    0.9540
103.00    0.9567
104.00    0.9550
105.00    0.9570
106.00    0.9589
107.00    0.9645
108.00    0.9589
109.00    0.9586
110.00    0.9503
111.00    0.9450
112.00    0.9368
113.00    0.9474
114.00    0.9469
115.00    0.9441
116.00    0.9493
117.00    0.9538
118.00    0.9464
119.00    0.9414
120.00    0.9461
121.00    0.9399
122.00    0.9390
123.00    0.9399
124.00    0.9441
125.00    0.9399
126.00    0.9406
127.00    0.9446
128.00    0.9433
129.00    0.9437
130.00    0.9477
131.00    0.9539
132.00    0.9521
133.00    0.9429
134.00    0.9409
135.00    0.9433
136.00    0.9415
137.00    0.9346
138.00    0.9432
139.00    0.9490
140.00    0.9405
141.00    0.9811
142.00    1.1501
143.00    1.3577
144.00    1.5787
145.00    1.7736
146.00    1.8459
147.00    1.8679
148.00    1.8600
149.00    1.8437
150.00    1.8175
151.00    1.7846
152.00    1.7534
153.00    1.7227
154.00    1.6856
155.00    1.6634
156.00    1.6261
157.00    1.6065
158.00    1.5794
159.00    1.5575
160.00    1.5323
161.00    1.5075
162.00    1.4912
163.00    1.4701
164.00    1.4476
165.00    1.4322
166.00    1.4070
167.00    1.3889
168.00    1.3741
169.00    1.3531
170.00    1.3384
171.00    1.3280
172.00    1.3092
173.00    1.2993
174.00    1.2873
175.00    1.2752
176.00    1.2698
177.00    1.2487
178.00    1.2337
179.00    1.2211
180.00    1.2097
181.00    1.2038
182.00    1.1980
183.00    1.1887
184.00    1.1773
185.00    1.1581
186.00    1.1646
187.00    1.1454
188.00    1.1429
189.00    1.1421
190.00    1.1449
191.00    1.1314
192.00    1.1203
193.00    1.1164
194.00    1.1129
195.00    1.1131
196.00    1.1060
197.00    1.1035
198.00    1.0977
199.00    1.0923
200.00    1.0920
201.00    1.1433
202.00    1.3446
203.00    1.5910
204.00    1.8053
205.00    2.0029
206.00    2.0912
207.00    2.1120
208.00    2.1054
209.00    2.0886
210.00    2.0596
211.00    2.0288
212.00    1.9935
213.00    1.9638
214.00    1.9351
215.00    1.8999
216.00    1.8696
217.00    1.8330
218.00    1.8028
219.00    1.7678
220.00    1.7465
221.00    1.7105
222.00    1.6813
223.00    1.6534
224.00    1.6212
225.00    1.5991
226.00    1.5731
227.00    1.5522
228.00    1.5305
229.00    1.5017
230.00    1.4787
231.00    1.4713
232.00    1.4490
233.00    1.4390
234.00    1.4187
235.00    1.3996
236.00    1.3752
237.00    1.3665
238.00    1.3518
239.00    1.3396
240.00    1.3235
241.00    1.3076
242.00    1.3021
243.00    1.2786
244.00    1.2698
245.00    1.2619
246.00    1.2561
247.00    1.2441
248.00    1.2381
249.00    1.2356
250.00    1.2139
251.00    1.2109
252.00    1.1963
253.00    1.1920
254.00    1.1800
255.00    1.1782
256.00    1.1733
257.00    1.1594
258.00    1.1543
259.00    1.1639
260.00    1.1427
261.00    1.1818
262.00    1.3223
263.00    1.4901
264.00    1.6468
265.00    1.7832
266.00    1.8583
267.00    1.8852
268.00    1.8771
269.00    1.8639
270.00    1.8351
271.00    1.8007
272.00    1.7680
273.00    1.7537
274.00    1.7298
275.00    1.6995
276.00    1.6778
277.00    1.6405
278.00    1.6146
279.00    1.5909
280.00    1.5686
281.00    1.5441
282.00    1.5235
283.00    1.5017
284.00    1.4761
285.00    1.4593
286.00    1.4360
287.00    1.4236
288.00    1.4006
289.00    1.3813
290.00    1.3708
291.00    1.3554
292.00    1.3376
293.00    1.3212
294.00    1.3081
295.00    1.3015
296.00    1.2844
297.00    1.2717
298.00    1.2601
299.00    1.2516
300.00    1.2465
301.00    1.2388
302.00    1.2217
303.00    1.2165
304.00    1.2044
305.00    1.1931
306.00    1.1947
307.00    1.1792
308.00    1.1774
309.00    1.1651
310.00    1.1596
311.00    1.1591
312.00    1.1523
313.00    1.1443
314.00    1.1348
315.00    1.1348
316.00    1.1303
317.00    1.1205
318.00    1.1128
319.00    1.1145

